1398848.0 1400960.0
1403072.0 1405184.0
1407296.0 1409408.0
1411520.0 1413632.0
3434560.0 3440768.0
3446976.0 3453184.0
3459392.0 3465600.0
3471808.0 3478016.0
5470272.0 5480576.0
5490880.0 5501184.0
5511488.0 5521792.0
5532096.0 5542400.0
7505984.0 7520384.0
7534784.0 7549184.0
7563584.0 7577984.0
7592384.0 7606784.0
9541696.0 9560192.0
9578688.0 9597184.0
9615680.0 9634176.0
9652672.0 9671168.0
11577408.0 11600000.0
11622592.0 11645184.0
11667776.0 11690368.0
11712960.0 11735552.0
13613120.0 13639808.0
13666496.0 13693184.0
13719872.0 13746560.0
13773248.0 13799936.0
15648832.0 15679616.0
15710400.0 15741184.0
15771968.0 15802752.0
15833536.0 15864320.0
17684544.0 17719424.0
17754304.0 17789184.0
17824064.0 17858944.0
17893824.0 17928704.0
19720256.0 19759232.0
19798208.0 19837184.0
19876160.0 19915136.0
19954112.0 19993088.0
21755968.0 21799040.0
21842112.0 21885184.0
21928256.0 21971328.0
22014400.0 22057472.0
23791680.0 23838848.0
23886016.0 23933184.0
23980352.0 24027520.0
24074688.0 24121856.0
25827392.0 25878656.0
25929920.0 25981184.0
26032448.0 26083712.0
26134976.0 26186240.0
27863104.0 27918464.0
27973824.0 28029184.0
28084544.0 28139904.0
28195264.0 28250624.0
29898816.0 29958272.0
30017728.0 30077184.0
30136640.0 30196096.0
30255552.0 30315008.0
31934528.0 31998080.0
32061632.0 32125184.0
32188736.0 32252288.0
32315840.0 32379392.0
33970240.0 34037888.0
34105536.0 34173184.0
34240832.0 34308480.0
34376128.0 34443776.0
36005952.0 36077696.0
36149440.0 36221184.0
36292928.0 36364672.0
36436416.0 36508160.0
38041664.0 38117504.0
38193344.0 38269184.0
38345024.0 38420864.0
38496704.0 38572544.0
40077376.0 40157312.0
40237248.0 40317184.0
40397120.0 40477056.0
40556992.0 40636928.0
42113088.0 42197120.0
42281152.0 42365184.0
42449216.0 42533248.0
42617280.0 42701312.0
44148800.0 44236928.0
44325056.0 44413184.0
44501312.0 44589440.0
44677568.0 44765696.0
46184512.0 46276736.0
46368960.0 46461184.0
46553408.0 46645632.0
46737856.0 46830080.0
48220224.0 48316544.0
48412864.0 48509184.0
48605504.0 48701824.0
48798144.0 48894464.0
50255936.0 50356352.0
50456768.0 50557184.0
50657600.0 50758016.0
50858432.0 50958848.0
52291648.0 52396160.0
52500672.0 52605184.0
52709696.0 52814208.0
52918720.0 53023232.0
54327360.0 54435968.0
54544576.0 54653184.0
54761792.0 54870400.0
54979008.0 55087616.0
56363072.0 56475776.0
56588480.0 56701184.0
56813888.0 56926592.0
57039296.0 57152000.0
58398784.0 58515584.0
58632384.0 58749184.0
58865984.0 58982784.0
59099584.0 59216384.0
60434496.0 60555392.0
60676288.0 60797184.0
60918080.0 61038976.0
61159872.0 61280768.0
62470208.0 62595200.0
62720192.0 62845184.0
62970176.0 63095168.0
63220160.0 63345152.0
64505920.0 64635008.0
64764096.0 64893184.0
65022272.0 65151360.0
65280448.0 65409536.0
1415744.0 1417856.0
1419968.0 1422080.0
1424192.0 1426304.0
1428416.0 1430528.0
3484224.0 3490432.0
3496640.0 3502848.0
3509056.0 3515264.0
3521472.0 3527680.0
5552704.0 5563008.0
5573312.0 5583616.0
5593920.0 5604224.0
5614528.0 5624832.0
7621184.0 7635584.0
7649984.0 7664384.0
7678784.0 7693184.0
7707584.0 7721984.0
9689664.0 9708160.0
9726656.0 9745152.0
9763648.0 9782144.0
9800640.0 9819136.0
11758144.0 11780736.0
11803328.0 11825920.0
11848512.0 11871104.0
11893696.0 11916288.0
13826624.0 13853312.0
13880000.0 13906688.0
13933376.0 13960064.0
13986752.0 14013440.0
15895104.0 15925888.0
15956672.0 15987456.0
16018240.0 16049024.0
16079808.0 16110592.0
17963584.0 17998464.0
18033344.0 18068224.0
18103104.0 18137984.0
18172864.0 18207744.0
20032064.0 20071040.0
20110016.0 20148992.0
20187968.0 20226944.0
20265920.0 20304896.0
22100544.0 22143616.0
22186688.0 22229760.0
22272832.0 22315904.0
22358976.0 22402048.0
24169024.0 24216192.0
24263360.0 24310528.0
24357696.0 24404864.0
24452032.0 24499200.0
26237504.0 26288768.0
26340032.0 26391296.0
26442560.0 26493824.0
26545088.0 26596352.0
28305984.0 28361344.0
28416704.0 28472064.0
28527424.0 28582784.0
28638144.0 28693504.0
30374464.0 30433920.0
30493376.0 30552832.0
30612288.0 30671744.0
30731200.0 30790656.0
32442944.0 32506496.0
32570048.0 32633600.0
32697152.0 32760704.0
32824256.0 32887808.0
34511424.0 34579072.0
34646720.0 34714368.0
34782016.0 34849664.0
34917312.0 34984960.0
36579904.0 36651648.0
36723392.0 36795136.0
36866880.0 36938624.0
37010368.0 37082112.0
38648384.0 38724224.0
38800064.0 38875904.0
38951744.0 39027584.0
39103424.0 39179264.0
40716864.0 40796800.0
40876736.0 40956672.0
41036608.0 41116544.0
41196480.0 41276416.0
42785344.0 42869376.0
42953408.0 43037440.0
43121472.0 43205504.0
43289536.0 43373568.0
44853824.0 44941952.0
45030080.0 45118208.0
45206336.0 45294464.0
45382592.0 45470720.0
46922304.0 47014528.0
47106752.0 47198976.0
47291200.0 47383424.0
47475648.0 47567872.0
48990784.0 49087104.0
49183424.0 49279744.0
49376064.0 49472384.0
49568704.0 49665024.0
51059264.0 51159680.0
51260096.0 51360512.0
51460928.0 51561344.0
51661760.0 51762176.0
53127744.0 53232256.0
53336768.0 53441280.0
53545792.0 53650304.0
53754816.0 53859328.0
55196224.0 55304832.0
55413440.0 55522048.0
55630656.0 55739264.0
55847872.0 55956480.0
57264704.0 57377408.0
57490112.0 57602816.0
57715520.0 57828224.0
57940928.0 58053632.0
59333184.0 59449984.0
59566784.0 59683584.0
59800384.0 59917184.0
60033984.0 60150784.0
61401664.0 61522560.0
61643456.0 61764352.0
61885248.0 62006144.0
62127040.0 62247936.0
63470144.0 63595136.0
63720128.0 63845120.0
63970112.0 64095104.0
64220096.0 64345088.0
65538624.0 65667712.0
65796800.0 65925888.0
66054976.0 66184064.0
66313152.0 66442240.0
1432640.0 1434752.0
1436864.0 1438976.0
1441088.0 1443200.0
1445312.0 1447424.0
3533888.0 3540096.0
3546304.0 3552512.0
3558720.0 3564928.0
3571136.0 3577344.0
5635136.0 5645440.0
5655744.0 5666048.0
5676352.0 5686656.0
5696960.0 5707264.0
7736384.0 7750784.0
7765184.0 7779584.0
7793984.0 7808384.0
7822784.0 7837184.0
9837632.0 9856128.0
9874624.0 9893120.0
9911616.0 9930112.0
9948608.0 9967104.0
11938880.0 11961472.0
11984064.0 12006656.0
12029248.0 12051840.0
12074432.0 12097024.0
14040128.0 14066816.0
14093504.0 14120192.0
14146880.0 14173568.0
14200256.0 14226944.0
16141376.0 16172160.0
16202944.0 16233728.0
16264512.0 16295296.0
16326080.0 16356864.0
18242624.0 18277504.0
18312384.0 18347264.0
18382144.0 18417024.0
18451904.0 18486784.0
20343872.0 20382848.0
20421824.0 20460800.0
20499776.0 20538752.0
20577728.0 20616704.0
22445120.0 22488192.0
22531264.0 22574336.0
22617408.0 22660480.0
22703552.0 22746624.0
24546368.0 24593536.0
24640704.0 24687872.0
24735040.0 24782208.0
24829376.0 24876544.0
26647616.0 26698880.0
26750144.0 26801408.0
26852672.0 26903936.0
26955200.0 27006464.0
28748864.0 28804224.0
28859584.0 28914944.0
28970304.0 29025664.0
29081024.0 29136384.0
30850112.0 30909568.0
30969024.0 31028480.0
31087936.0 31147392.0
31206848.0 31266304.0
32951360.0 33014912.0
33078464.0 33142016.0
33205568.0 33269120.0
33332672.0 33396224.0
35052608.0 35120256.0
35187904.0 35255552.0
35323200.0 35390848.0
35458496.0 35526144.0
37153856.0 37225600.0
37297344.0 37369088.0
37440832.0 37512576.0
37584320.0 37656064.0
39255104.0 39330944.0
39406784.0 39482624.0
39558464.0 39634304.0
39710144.0 39785984.0
41356352.0 41436288.0
41516224.0 41596160.0
41676096.0 41756032.0
41835968.0 41915904.0
43457600.0 43541632.0
43625664.0 43709696.0
43793728.0 43877760.0
43961792.0 44045824.0
45558848.0 45646976.0
45735104.0 45823232.0
45911360.0 45999488.0
46087616.0 46175744.0
47660096.0 47752320.0
47844544.0 47936768.0
48028992.0 48121216.0
48213440.0 48305664.0
49761344.0 49857664.0
49953984.0 50050304.0
50146624.0 50242944.0
50339264.0 50435584.0
51862592.0 51963008.0
52063424.0 52163840.0
52264256.0 52364672.0
52465088.0 52565504.0
53963840.0 54068352.0
54172864.0 54277376.0
54381888.0 54486400.0
54590912.0 54695424.0
56065088.0 56173696.0
56282304.0 56390912.0
56499520.0 56608128.0
56716736.0 56825344.0
58166336.0 58279040.0
58391744.0 58504448.0
58617152.0 58729856.0
58842560.0 58955264.0
60267584.0 60384384.0
60501184.0 60617984.0
60734784.0 60851584.0
60968384.0 61085184.0
62368832.0 62489728.0
62610624.0 62731520.0
62852416.0 62973312.0
63094208.0 63215104.0
64470080.0 64595072.0
64720064.0 64845056.0
64970048.0 65095040.0
65220032.0 65345024.0
66571328.0 66700416.0
66829504.0 66958592.0
67087680.0 67216768.0
67345856.0 67474944.0
1449536.0 1451648.0
1453760.0 1455872.0
1457984.0 1460096.0
1462208.0 1464320.0
3583552.0 3589760.0
3595968.0 3602176.0
3608384.0 3614592.0
3620800.0 3627008.0
5717568.0 5727872.0
5738176.0 5748480.0
5758784.0 5769088.0
5779392.0 5789696.0
7851584.0 7865984.0
7880384.0 7894784.0
7909184.0 7923584.0
7937984.0 7952384.0
9985600.0 10004096.0
10022592.0 10041088.0
10059584.0 10078080.0
10096576.0 10115072.0
12119616.0 12142208.0
12164800.0 12187392.0
12209984.0 12232576.0
12255168.0 12277760.0
14253632.0 14280320.0
14307008.0 14333696.0
14360384.0 14387072.0
14413760.0 14440448.0
16387648.0 16418432.0
16449216.0 16480000.0
16510784.0 16541568.0
16572352.0 16603136.0
18521664.0 18556544.0
18591424.0 18626304.0
18661184.0 18696064.0
18730944.0 18765824.0
20655680.0 20694656.0
20733632.0 20772608.0
20811584.0 20850560.0
20889536.0 20928512.0
22789696.0 22832768.0
22875840.0 22918912.0
22961984.0 23005056.0
23048128.0 23091200.0
24923712.0 24970880.0
25018048.0 25065216.0
25112384.0 25159552.0
25206720.0 25253888.0
27057728.0 27108992.0
27160256.0 27211520.0
27262784.0 27314048.0
27365312.0 27416576.0
29191744.0 29247104.0
29302464.0 29357824.0
29413184.0 29468544.0
29523904.0 29579264.0
31325760.0 31385216.0
31444672.0 31504128.0
31563584.0 31623040.0
31682496.0 31741952.0
33459776.0 33523328.0
33586880.0 33650432.0
33713984.0 33777536.0
33841088.0 33904640.0
35593792.0 35661440.0
35729088.0 35796736.0
35864384.0 35932032.0
35999680.0 36067328.0
37727808.0 37799552.0
37871296.0 37943040.0
38014784.0 38086528.0
38158272.0 38230016.0
39861824.0 39937664.0
40013504.0 40089344.0
40165184.0 40241024.0
40316864.0 40392704.0
41995840.0 42075776.0
42155712.0 42235648.0
42315584.0 42395520.0
42475456.0 42555392.0
44129856.0 44213888.0
44297920.0 44381952.0
44465984.0 44550016.0
44634048.0 44718080.0
46263872.0 46352000.0
46440128.0 46528256.0
46616384.0 46704512.0
46792640.0 46880768.0
48397888.0 48490112.0
48582336.0 48674560.0
48766784.0 48859008.0
48951232.0 49043456.0
50531904.0 50628224.0
50724544.0 50820864.0
50917184.0 51013504.0
51109824.0 51206144.0
52665920.0 52766336.0
52866752.0 52967168.0
53067584.0 53168000.0
53268416.0 53368832.0
54799936.0 54904448.0
55008960.0 55113472.0
55217984.0 55322496.0
55427008.0 55531520.0
56933952.0 57042560.0
57151168.0 57259776.0
57368384.0 57476992.0
57585600.0 57694208.0
59067968.0 59180672.0
59293376.0 59406080.0
59518784.0 59631488.0
59744192.0 59856896.0
61201984.0 61318784.0
61435584.0 61552384.0
61669184.0 61785984.0
61902784.0 62019584.0
63336000.0 63456896.0
63577792.0 63698688.0
63819584.0 63940480.0
64061376.0 64182272.0
65470016.0 65595008.0
65720000.0 65844992.0
65969984.0 66094976.0
66219968.0 66344960.0
67604032.0 67733120.0
67862208.0 67991296.0
68120384.0 68249472.0
68378560.0 68507648.0
